19
121
1.250000 0.721688 0.000000
2.000000 0.721688 0.000000
2.750000 0.721688 0.000000
3.500000 0.721688 0.000000
4.250000 0.721688 0.000000
5.000000 0.721688 0.000000
5.750000 0.721688 0.000000
6.500000 0.721688 0.000000
7.250000 0.721688 0.000000
8.000000 0.721688 0.000000
8.750000 0.721688 0.000000
1.625000 1.371207 0.000000
2.375000 1.371207 0.000000
3.125000 1.371207 0.000000
3.875000 1.371207 0.000000
4.625000 1.371207 0.000000
5.375000 1.371207 0.000000
6.125000 1.371207 0.000000
6.875000 1.371207 0.000000
7.625000 1.371207 0.000000
8.375000 1.371207 0.000000
0.000000 0.000000 0.000000
2.000000 2.020726 0.000000
2.750000 2.020726 0.000000
3.500000 2.020726 0.000000
4.250000 2.020726 0.000000
5.000000 2.020726 0.000000
5.750000 2.020726 0.000000
6.500000 2.020726 0.000000
7.250000 2.020726 0.000000
8.000000 2.020726 0.000000
0.000000 0.000000 0.000000
0.000000 0.000000 0.000000
2.375000 2.670245 0.000000
3.125000 2.670245 0.000000
3.875000 2.670245 0.000000
4.625000 2.670245 0.000000
5.375000 2.670245 0.000000
6.125000 2.670245 0.000000
6.875000 2.670245 0.000000
7.625000 2.670245 0.000000
0.000000 0.000000 0.000000
0.000000 0.000000 0.000000
0.000000 0.000000 0.000000
2.750000 3.319764 0.000000
3.500000 3.319764 0.000000
4.250000 3.319764 0.000000
5.000000 3.319764 0.000000
5.750000 3.319764 0.000000
6.500000 3.319764 0.000000
7.250000 3.319764 0.000000
0.000000 0.000000 0.000000
0.000000 0.000000 0.000000
0.000000 0.000000 0.000000
0.000000 0.000000 0.000000
3.125000 3.969283 0.000000
3.875000 3.969283 0.000000
4.625000 3.969283 0.000000
5.375000 3.969283 0.000000
6.125000 3.969283 0.000000
6.875000 3.969283 0.000000
0.000000 0.000000 0.000000
0.000000 0.000000 0.000000
0.000000 0.000000 0.000000
0.000000 0.000000 0.000000
0.000000 0.000000 0.000000
3.500000 4.618802 0.000000
4.250000 4.618802 0.000000
5.000000 4.618802 0.000000
5.750000 4.618802 0.000000
6.500000 4.618802 0.000000
0.000000 0.000000 0.000000
0.000000 0.000000 0.000000
0.000000 0.000000 0.000000
0.000000 0.000000 0.000000
0.000000 0.000000 0.000000
0.000000 0.000000 0.000000
3.875000 5.268321 0.000000
4.625000 5.268321 0.000000
5.375000 5.268321 0.000000
6.125000 5.268321 0.000000
0.000000 0.000000 0.000000
0.000000 0.000000 0.000000
0.000000 0.000000 0.000000
0.000000 0.000000 0.000000
0.000000 0.000000 0.000000
0.000000 0.000000 0.000000
0.000000 0.000000 0.000000
4.250000 5.917840 0.000000
5.000000 5.917840 0.000000
5.750000 5.917840 0.000000
0.000000 0.000000 0.000000
0.000000 0.000000 0.000000
0.000000 0.000000 0.000000
0.000000 0.000000 0.000000
0.000000 0.000000 0.000000
0.000000 0.000000 0.000000
0.000000 0.000000 0.000000
0.000000 0.000000 0.000000
4.625000 6.567359 0.000000
5.375000 6.567359 0.000000
0.000000 0.000000 0.000000
0.000000 0.000000 0.000000
0.000000 0.000000 0.000000
0.000000 0.000000 0.000000
0.000000 0.000000 0.000000
0.000000 0.000000 0.000000
0.000000 0.000000 0.000000
0.000000 0.000000 0.000000
0.000000 0.000000 0.000000
5.000000 7.216878 0.000000
0.000000 0.000000 0.000000
0.000000 0.000000 0.000000
0.000000 0.000000 0.000000
0.000000 0.000000 0.000000
0.000000 0.000000 0.000000
0.000000 0.000000 0.000000
0.000000 0.000000 0.000000
0.000000 0.000000 0.000000
0.000000 0.000000 0.000000
0.000000 0.000000 0.000000
121
1.250000 0.721688 0.000000
2.000000 0.721688 0.000000
2.750000 0.721688 0.000000
3.500000 0.721688 0.000000
4.250000 0.721688 0.000000
5.000000 0.721688 0.000000
5.750000 0.721688 0.000000
6.500000 0.721688 0.000000
7.250000 0.721688 0.000000
8.000000 0.721688 0.000000
8.750000 0.721688 0.000000
1.625000 1.371207 0.000000
2.375000 1.371207 0.000000
3.125000 1.371207 0.000000
3.875000 1.371207 0.000000
4.625000 1.371207 0.000000
5.375000 1.371207 0.000000
6.125000 1.371207 0.000000
6.875000 1.371207 0.000000
7.625000 1.371207 0.000000
8.375000 1.371207 0.000000
0.000000 0.000000 0.000000
2.000000 2.020726 0.000000
2.750000 2.020726 0.000000
3.500000 2.020726 0.000000
4.250000 2.020726 0.000000
5.000000 2.020726 0.000000
5.750000 2.020726 0.000000
6.500000 2.020726 0.000000
7.250000 2.020726 0.000000
8.000000 2.020726 0.000000
0.000000 0.000000 0.000000
0.000000 0.000000 0.000000
2.375000 2.670245 0.000000
3.125000 2.670245 0.000000
3.875000 2.670245 0.000000
4.625000 2.670245 0.000000
5.375000 2.670245 0.000000
6.125000 2.670245 0.000000
6.875000 2.670245 0.000000
7.625000 2.670245 0.000000
0.000000 0.000000 0.000000
0.000000 0.000000 0.000000
0.000000 0.000000 0.000000
2.750000 3.319764 0.000000
3.500000 3.319764 0.000000
4.250000 3.319764 0.000000
5.000000 3.319764 0.000000
5.750000 3.319764 0.000000
6.500000 3.319764 0.000000
7.250000 3.319764 0.000000
0.000000 0.000000 0.000000
0.000000 0.000000 0.000000
0.000000 0.000000 0.000000
0.000000 0.000000 0.000000
3.125000 3.969283 0.000000
3.875000 3.969283 0.000000
4.625000 3.969283 0.000000
5.375000 3.969283 0.000000
6.125000 3.969283 0.000000
6.875000 3.969283 0.000000
0.000000 0.000000 0.000000
0.000000 0.000000 0.000000
0.000000 0.000000 0.000000
0.000000 0.000000 0.000000
0.000000 0.000000 0.000000
3.500000 4.618802 0.000000
4.250000 4.618802 0.000000
5.000000 4.618802 0.000000
5.750000 4.618802 0.000000
6.500000 4.618802 0.000000
0.000000 0.000000 0.000000
0.000000 0.000000 0.000000
0.000000 0.000000 0.000000
0.000000 0.000000 0.000000
0.000000 0.000000 0.000000
0.000000 0.000000 0.000000
3.875000 5.268321 0.000000
4.625000 5.268321 0.000000
5.375000 5.268321 0.000000
6.125000 5.268321 0.000000
0.000000 0.000000 0.000000
0.000000 0.000000 0.000000
0.000000 0.000000 0.000000
0.000000 0.000000 0.000000
0.000000 0.000000 0.000000
0.000000 0.000000 0.000000
0.000000 0.000000 0.000000
4.250000 5.917840 0.000000
5.000000 5.917840 0.000000
5.750000 5.917840 0.000000
0.000000 0.000000 0.000000
0.000000 0.000000 0.000000
0.000000 0.000000 0.000000
0.000000 0.000000 0.000000
0.000000 0.000000 0.000000
0.000000 0.000000 0.000000
0.000000 0.000000 0.000000
0.000000 0.000000 0.000000
4.625000 6.567359 0.000000
5.375000 6.567359 0.000000
0.000000 0.000000 0.000000
0.000000 0.000000 0.000000
0.000000 0.000000 0.000000
0.000000 0.000000 0.000000
0.000000 0.000000 0.000000
0.000000 0.000000 0.000000
0.000000 0.000000 0.000000
0.000000 0.000000 0.000000
0.000000 0.000000 0.000000
5.000000 7.216878 0.000000
0.000000 0.000000 0.000000
0.000000 0.000000 0.000000
0.000000 0.000000 0.000000
0.000000 0.000000 0.000000
0.000000 0.000000 0.000000
0.000000 0.000000 0.000000
0.000000 0.000000 0.000000
0.000000 0.000000 0.000000
0.000000 0.000000 0.000000
0.000000 0.000000 0.000000
121
1.250000 0.721688 0.000000
2.000000 0.721688 0.000000
2.750000 0.721688 0.000000
3.500000 0.721688 0.000000
4.250000 0.721688 0.000000
5.000000 0.721688 0.000000
5.750000 0.721688 0.000000
6.500000 0.721688 0.000000
7.250000 0.721688 0.000000
8.000000 0.721688 0.000000
8.750000 0.721688 0.000000
1.625000 1.371207 0.000000
2.375000 1.371207 0.000000
3.125000 1.371207 0.000000
3.875000 1.371207 0.000000
4.625000 1.371207 0.000000
5.375000 1.371207 0.000000
6.125000 1.371207 0.000000
6.875000 1.371207 0.000000
7.625000 1.371207 0.000000
8.375000 1.371207 0.000000
0.000000 0.000000 0.000000
2.000000 2.020726 0.000000
2.750000 2.020726 0.000000
3.500000 2.020726 0.000000
4.250000 2.020726 0.000000
5.000000 2.020726 0.000000
5.750000 2.020726 0.000000
6.500000 2.020726 0.000000
7.250000 2.020726 0.000000
8.000000 2.020726 0.000000
0.000000 0.000000 0.000000
0.000000 0.000000 0.000000
2.375000 2.670245 0.000000
3.125000 2.670245 0.000000
3.875000 2.670245 0.000000
4.625000 2.670245 0.000000
5.375000 2.670245 0.000000
6.125000 2.670245 0.000000
6.875000 2.670245 0.000000
7.625000 2.670245 0.000000
0.000000 0.000000 0.000000
0.000000 0.000000 0.000000
0.000000 0.000000 0.000000
2.750000 3.319764 0.000000
3.500000 3.319764 0.000000
4.250000 3.319764 0.000000
5.000000 3.319764 0.000000
5.750000 3.319764 0.000000
6.500000 3.319764 0.000000
7.250000 3.319764 0.000000
0.000000 0.000000 0.000000
0.000000 0.000000 0.000000
0.000000 0.000000 0.000000
0.000000 0.000000 0.000000
3.125000 3.969283 0.000000
3.875000 3.969283 0.000000
4.625000 3.969283 0.000000
5.375000 3.969283 0.000000
6.125000 3.969283 0.000000
6.875000 3.969283 0.000000
0.000000 0.000000 0.000000
0.000000 0.000000 0.000000
0.000000 0.000000 0.000000
0.000000 0.000000 0.000000
0.000000 0.000000 0.000000
3.500000 4.618802 0.000000
4.250000 4.618802 0.000000
5.000000 4.618802 0.000000
5.750000 4.618802 0.000000
6.500000 4.618802 0.000000
0.000000 0.000000 0.000000
0.000000 0.000000 0.000000
0.000000 0.000000 0.000000
0.000000 0.000000 0.000000
0.000000 0.000000 0.000000
0.000000 0.000000 0.000000
3.875000 5.268321 0.000000
4.625000 5.268321 0.000000
5.375000 5.268321 0.000000
6.125000 5.268321 0.000000
0.000000 0.000000 0.000000
0.000000 0.000000 0.000000
0.000000 0.000000 0.000000
0.000000 0.000000 0.000000
0.000000 0.000000 0.000000
0.000000 0.000000 0.000000
0.000000 0.000000 0.000000
4.250000 5.917840 0.000000
5.000000 5.917840 0.000000
5.750000 5.917840 0.000000
0.000000 0.000000 0.000000
0.000000 0.000000 0.000000
0.000000 0.000000 0.000000
0.000000 0.000000 0.000000
0.000000 0.000000 0.000000
0.000000 0.000000 0.000000
0.000000 0.000000 0.000000
0.000000 0.000000 0.000000
4.625000 6.567359 0.000000
5.375000 6.567359 0.000000
0.000000 0.000000 0.000000
0.000000 0.000000 0.000000
0.000000 0.000000 0.000000
0.000000 0.000000 0.000000
0.000000 0.000000 0.000000
0.000000 0.000000 0.000000
0.000000 0.000000 0.000000
0.000000 0.000000 0.000000
0.000000 0.000000 0.000000
5.000000 7.216878 0.000000
0.000000 0.000000 0.000000
0.000000 0.000000 0.000000
0.000000 0.000000 0.000000
0.000000 0.000000 0.000000
0.000000 0.000000 0.000000
0.000000 0.000000 0.000000
0.000000 0.000000 0.000000
0.000000 0.000000 0.000000
0.000000 0.000000 0.000000
0.000000 0.000000 0.000000
121
1.250000 0.721688 0.000000
2.000000 0.721688 0.000000
2.750000 0.721688 0.000000
3.500000 0.721688 0.000000
4.250000 0.721688 0.000000
5.000000 0.721688 0.000000
5.750000 0.721688 0.000000
6.500000 0.721688 0.000000
7.250000 0.721688 0.000000
8.000000 0.721688 0.000000
8.750000 0.721688 0.000000
1.625000 1.371207 0.000000
2.375000 1.371207 0.000000
3.125000 1.371207 0.000000
3.875000 1.371207 0.000000
4.625000 1.371207 0.000000
5.375000 1.371207 0.000000
6.125000 1.371207 0.000000
6.875000 1.371207 0.000000
7.625000 1.371207 0.000000
8.375000 1.371207 0.000000
0.000000 0.000000 0.000000
2.000000 2.020726 0.000000
2.750000 2.020726 0.000000
3.500000 2.020726 0.000000
4.250000 2.020726 0.000000
5.000000 2.020726 0.000000
5.750000 2.020726 0.000000
6.500000 2.020726 0.000000
7.250000 2.020726 0.000000
8.000000 2.020726 0.000000
0.000000 0.000000 0.000000
0.000000 0.000000 0.000000
2.375000 2.670245 0.000000
3.125000 2.670245 0.000000
3.875000 2.670245 0.000000
4.625000 2.670245 0.000000
5.375000 2.670245 0.000000
6.125000 2.670245 0.000000
6.875000 2.670245 0.000000
7.625000 2.670245 0.000000
0.000000 0.000000 0.000000
0.000000 0.000000 0.000000
0.000000 0.000000 0.000000
2.750000 3.319764 0.000000
3.500000 3.319764 0.000000
4.250000 3.319764 0.000000
5.000000 3.319764 0.000000
5.750000 3.319764 0.000000
6.500000 3.319764 0.000000
7.250000 3.319764 0.000000
0.000000 0.000000 0.000000
0.000000 0.000000 0.000000
0.000000 0.000000 0.000000
0.000000 0.000000 0.000000
3.125000 3.969283 0.000000
3.875000 3.969283 0.000000
4.625000 3.969283 0.000000
5.375000 3.969283 0.000000
6.125000 3.969283 0.000000
6.875000 3.969283 0.000000
0.000000 0.000000 0.000000
0.000000 0.000000 0.000000
0.000000 0.000000 0.000000
0.000000 0.000000 0.000000
0.000000 0.000000 0.000000
3.500000 4.618802 0.000000
4.250000 4.618802 0.000000
5.000000 4.618802 0.000000
5.750000 4.618802 0.000000
6.500000 4.618802 0.000000
0.000000 0.000000 0.000000
0.000000 0.000000 0.000000
0.000000 0.000000 0.000000
0.000000 0.000000 0.000000
0.000000 0.000000 0.000000
0.000000 0.000000 0.000000
3.875000 5.268321 0.000000
4.625000 5.268321 0.000000
5.375000 5.268321 0.000000
6.125000 5.268321 0.000000
0.000000 0.000000 0.000000
0.000000 0.000000 0.000000
0.000000 0.000000 0.000000
0.000000 0.000000 0.000000
0.000000 0.000000 0.000000
0.000000 0.000000 0.000000
0.000000 0.000000 0.000000
4.250000 5.917840 0.000000
5.000000 5.917840 0.000000
5.750000 5.917840 0.000000
0.000000 0.000000 0.000000
0.000000 0.000000 0.000000
0.000000 0.000000 0.000000
0.000000 0.000000 0.000000
0.000000 0.000000 0.000000
0.000000 0.000000 0.000000
0.000000 0.000000 0.000000
0.000000 0.000000 0.000000
4.625000 6.567359 0.000000
5.375000 6.567359 0.000000
0.000000 0.000000 0.000000
0.000000 0.000000 0.000000
0.000000 0.000000 0.000000
0.000000 0.000000 0.000000
0.000000 0.000000 0.000000
0.000000 0.000000 0.000000
0.000000 0.000000 0.000000
0.000000 0.000000 0.000000
0.000000 0.000000 0.000000
5.000000 7.216878 0.000000
0.000000 0.000000 0.000000
0.000000 0.000000 0.000000
0.000000 0.000000 0.000000
0.000000 0.000000 0.000000
0.000000 0.000000 0.000000
0.000000 0.000000 0.000000
0.000000 0.000000 0.000000
0.000000 0.000000 0.000000
0.000000 0.000000 0.000000
0.000000 0.000000 0.000000
121
1.250000 0.721688 0.000000
2.000000 0.721688 0.000000
2.750000 0.721688 0.000000
3.500000 0.721688 0.000000
4.250000 0.721688 0.000000
5.000000 0.721688 0.000000
5.750000 0.721688 0.000000
6.500000 0.721688 0.000000
7.250000 0.721688 0.000000
8.000000 0.721688 0.000000
8.750000 0.721688 0.000000
1.625000 1.371207 0.000000
2.375000 1.371207 0.000000
3.125000 1.371207 0.000000
3.875000 1.371207 0.000000
4.625000 1.371207 0.000000
5.375000 1.371207 0.000000
6.125000 1.371207 0.000000
6.875000 1.371207 0.000000
7.625000 1.371207 0.000000
8.375000 1.371207 0.000000
0.000000 0.000000 0.000000
2.000000 2.020726 0.000000
2.750000 2.020726 0.000000
3.500000 2.020726 0.000000
4.250000 2.020726 0.000000
5.000000 2.020726 0.000000
5.750000 2.020726 0.000000
6.500000 2.020726 0.000000
7.250000 2.020726 0.000000
8.000000 2.020726 0.000000
0.000000 0.000000 0.000000
0.000000 0.000000 0.000000
2.375000 2.670245 0.000000
3.125000 2.670245 0.000000
3.875000 2.670245 0.000000
4.625000 2.670245 0.000000
5.375000 2.670245 0.000000
6.125000 2.670245 0.000000
6.875000 2.670245 0.000000
7.625000 2.670245 0.000000
0.000000 0.000000 0.000000
0.000000 0.000000 0.000000
0.000000 0.000000 0.000000
2.750000 3.319764 0.000000
3.500000 3.319764 0.000000
4.250000 3.319764 0.000000
5.000000 3.319764 0.000000
5.750000 3.319764 0.000000
6.500000 3.319764 0.000000
7.250000 3.319764 0.000000
0.000000 0.000000 0.000000
0.000000 0.000000 0.000000
0.000000 0.000000 0.000000
0.000000 0.000000 0.000000
3.125000 3.969283 0.000000
3.875000 3.969283 0.000000
4.625000 3.969283 0.000000
5.375000 3.969283 0.000000
6.125000 3.969283 0.000000
6.875000 3.969283 0.000000
0.000000 0.000000 0.000000
0.000000 0.000000 0.000000
0.000000 0.000000 0.000000
0.000000 0.000000 0.000000
0.000000 0.000000 0.000000
3.500000 4.618802 0.000000
4.250000 4.618802 0.000000
5.000000 4.618802 0.000000
5.750000 4.618802 0.000000
6.500000 4.618802 0.000000
0.000000 0.000000 0.000000
0.000000 0.000000 0.000000
0.000000 0.000000 0.000000
0.000000 0.000000 0.000000
0.000000 0.000000 0.000000
0.000000 0.000000 0.000000
3.875000 5.268321 0.000000
4.625000 5.268321 0.000000
5.375000 5.268321 0.000000
6.125000 5.268321 0.000000
0.000000 0.000000 0.000000
0.000000 0.000000 0.000000
0.000000 0.000000 0.000000
0.000000 0.000000 0.000000
0.000000 0.000000 0.000000
0.000000 0.000000 0.000000
0.000000 0.000000 0.000000
4.250000 5.917840 0.000000
5.000000 5.917840 0.000000
5.750000 5.917840 0.000000
0.000000 0.000000 0.000000
0.000000 0.000000 0.000000
0.000000 0.000000 0.000000
0.000000 0.000000 0.000000
0.000000 0.000000 0.000000
0.000000 0.000000 0.000000
0.000000 0.000000 0.000000
0.000000 0.000000 0.000000
4.625000 6.567359 0.000000
5.375000 6.567359 0.000000
0.000000 0.000000 0.000000
0.000000 0.000000 0.000000
0.000000 0.000000 0.000000
0.000000 0.000000 0.000000
0.000000 0.000000 0.000000
0.000000 0.000000 0.000000
0.000000 0.000000 0.000000
0.000000 0.000000 0.000000
0.000000 0.000000 0.000000
5.000000 7.216878 0.000000
0.000000 0.000000 0.000000
0.000000 0.000000 0.000000
0.000000 0.000000 0.000000
0.000000 0.000000 0.000000
0.000000 0.000000 0.000000
0.000000 0.000000 0.000000
0.000000 0.000000 0.000000
0.000000 0.000000 0.000000
0.000000 0.000000 0.000000
0.000000 0.000000 0.000000
121
1.250000 0.721688 0.000000
2.000000 0.721688 0.000000
2.750000 0.721688 0.000000
3.500000 0.721688 0.000000
4.250000 0.721688 0.000000
5.000000 0.721688 0.000000
5.750000 0.721688 0.000000
6.500000 0.721688 0.000000
7.250000 0.721688 0.000000
8.000000 0.721688 0.000000
8.750000 0.721688 0.000000
1.625000 1.371207 0.000000
2.375000 1.371207 0.000000
3.125000 1.371207 0.000000
3.875000 1.371207 0.000000
4.625000 1.371207 0.000000
5.375000 1.371207 0.000000
6.125000 1.371207 0.000000
6.875000 1.371207 0.000000
7.625000 1.371207 0.000000
8.375000 1.371207 0.000000
0.000000 0.000000 0.000000
2.000000 2.020726 0.000000
2.750000 2.020726 0.000000
3.500000 2.020726 0.000000
4.250000 2.020726 0.000000
5.000000 2.020726 0.000000
5.750000 2.020726 0.000000
6.500000 2.020726 0.000000
7.250000 2.020726 0.000000
8.000000 2.020726 0.000000
0.000000 0.000000 0.000000
0.000000 0.000000 0.000000
2.375000 2.670245 0.000000
3.125000 2.670245 0.000000
3.875000 2.670245 0.000000
4.625000 2.670245 0.000000
5.375000 2.670245 0.000000
6.125000 2.670245 0.000000
6.875000 2.670245 0.000000
7.625000 2.670245 0.000000
0.000000 0.000000 0.000000
0.000000 0.000000 0.000000
0.000000 0.000000 0.000000
2.750000 3.319764 0.000000
3.500000 3.319764 0.000000
4.250000 3.319764 0.000000
5.000000 3.319764 0.000000
5.750000 3.319764 0.000000
6.500000 3.319764 0.000000
7.250000 3.319764 0.000000
0.000000 0.000000 0.000000
0.000000 0.000000 0.000000
0.000000 0.000000 0.000000
0.000000 0.000000 0.000000
3.125000 3.969283 0.000000
3.875000 3.969283 0.000000
4.625000 3.969283 0.000000
5.375000 3.969283 0.000000
6.125000 3.969283 0.000000
6.875000 3.969283 0.000000
0.000000 0.000000 0.000000
0.000000 0.000000 0.000000
0.000000 0.000000 0.000000
0.000000 0.000000 0.000000
0.000000 0.000000 0.000000
3.500000 4.618802 0.000000
4.250000 4.618802 0.000000
5.000000 4.618802 0.000000
5.750000 4.618802 0.000000
6.500000 4.618802 0.000000
0.000000 0.000000 0.000000
0.000000 0.000000 0.000000
0.000000 0.000000 0.000000
0.000000 0.000000 0.000000
0.000000 0.000000 0.000000
0.000000 0.000000 0.000000
3.875000 5.268321 0.000000
4.625000 5.268321 0.000000
5.375000 5.268321 0.000000
6.125000 5.268321 0.000000
0.000000 0.000000 0.000000
0.000000 0.000000 0.000000
0.000000 0.000000 0.000000
0.000000 0.000000 0.000000
0.000000 0.000000 0.000000
0.000000 0.000000 0.000000
0.000000 0.000000 0.000000
4.250000 5.917840 0.000000
5.000000 5.917840 0.000000
5.750000 5.917840 0.000000
0.000000 0.000000 0.000000
0.000000 0.000000 0.000000
0.000000 0.000000 0.000000
0.000000 0.000000 0.000000
0.000000 0.000000 0.000000
0.000000 0.000000 0.000000
0.000000 0.000000 0.000000
0.000000 0.000000 0.000000
4.625000 6.567359 0.000000
5.375000 6.567359 0.000000
0.000000 0.000000 0.000000
0.000000 0.000000 0.000000
0.000000 0.000000 0.000000
0.000000 0.000000 0.000000
0.000000 0.000000 0.000000
0.000000 0.000000 0.000000
0.000000 0.000000 0.000000
0.000000 0.000000 0.000000
0.000000 0.000000 0.000000
5.000000 7.216878 0.000000
0.000000 0.000000 0.000000
0.000000 0.000000 0.000000
0.000000 0.000000 0.000000
0.000000 0.000000 0.000000
0.000000 0.000000 0.000000
0.000000 0.000000 0.000000
0.000000 0.000000 0.000000
0.000000 0.000000 0.000000
0.000000 0.000000 0.000000
0.000000 0.000000 0.000000
121
1.250000 0.721688 0.000000
2.000000 0.721688 0.000000
2.750000 0.721688 0.000000
3.500000 0.721688 0.000000
4.250000 0.721688 0.000000
5.000000 0.721688 0.000000
5.750000 0.721688 0.000000
6.500000 0.721688 0.000000
7.250000 0.721688 0.000000
8.000000 0.721688 0.000000
8.750000 0.721688 0.000000
1.625000 1.371207 0.000000
2.375000 1.371207 0.000000
3.125000 1.371207 0.000000
3.875000 1.371207 0.000000
4.625000 1.371207 0.000000
5.375000 1.371207 0.000000
6.125000 1.371207 0.000000
6.875000 1.371207 0.000000
7.625000 1.371207 0.000000
8.375000 1.371207 0.000000
0.000000 0.000000 0.000000
2.000000 2.020726 0.000000
2.750000 2.020726 0.000000
3.500000 2.020726 0.000000
4.250000 2.020726 0.000000
5.000000 2.020726 0.000000
5.750000 2.020726 0.000000
6.500000 2.020726 0.000000
7.250000 2.020726 0.000000
8.000000 2.020726 0.000000
0.000000 0.000000 0.000000
0.000000 0.000000 0.000000
2.375000 2.670245 0.000000
3.125000 2.670245 0.000000
3.875000 2.670245 0.000000
4.625000 2.670245 0.000000
5.375000 2.670245 0.000000
6.125000 2.670245 0.000000
6.875000 2.670245 0.000000
7.625000 2.670245 0.000000
0.000000 0.000000 0.000000
0.000000 0.000000 0.000000
0.000000 0.000000 0.000000
2.750000 3.319764 0.000000
3.500000 3.319764 0.000000
4.250000 3.319764 0.000000
5.000000 3.319764 0.000000
5.750000 3.319764 0.000000
6.500000 3.319764 0.000000
7.250000 3.319764 0.000000
0.000000 0.000000 0.000000
0.000000 0.000000 0.000000
0.000000 0.000000 0.000000
0.000000 0.000000 0.000000
3.125000 3.969283 0.000000
3.875000 3.969283 0.000000
4.625000 3.969283 0.000000
5.375000 3.969283 0.000000
6.125000 3.969283 0.000000
6.875000 3.969283 0.000000
0.000000 0.000000 0.000000
0.000000 0.000000 0.000000
0.000000 0.000000 0.000000
0.000000 0.000000 0.000000
0.000000 0.000000 0.000000
3.500000 4.618802 0.000000
4.250000 4.618802 0.000000
5.000000 4.618802 0.000000
5.750000 4.618802 0.000000
6.500000 4.618802 0.000000
0.000000 0.000000 0.000000
0.000000 0.000000 0.000000
0.000000 0.000000 0.000000
0.000000 0.000000 0.000000
0.000000 0.000000 0.000000
0.000000 0.000000 0.000000
3.875000 5.268321 0.000000
4.625000 5.268321 0.000000
5.375000 5.268321 0.000000
6.125000 5.268321 0.000000
0.000000 0.000000 0.000000
0.000000 0.000000 0.000000
0.000000 0.000000 0.000000
0.000000 0.000000 0.000000
0.000000 0.000000 0.000000
0.000000 0.000000 0.000000
0.000000 0.000000 0.000000
4.250000 5.917840 0.000000
5.000000 5.917840 0.000000
5.750000 5.917840 0.000000
0.000000 0.000000 0.000000
0.000000 0.000000 0.000000
0.000000 0.000000 0.000000
0.000000 0.000000 0.000000
0.000000 0.000000 0.000000
0.000000 0.000000 0.000000
0.000000 0.000000 0.000000
0.000000 0.000000 0.000000
4.625000 6.567359 0.000000
5.375000 6.567359 0.000000
0.000000 0.000000 0.000000
0.000000 0.000000 0.000000
0.000000 0.000000 0.000000
0.000000 0.000000 0.000000
0.000000 0.000000 0.000000
0.000000 0.000000 0.000000
0.000000 0.000000 0.000000
0.000000 0.000000 0.000000
0.000000 0.000000 0.000000
5.000000 7.216878 0.000000
0.000000 0.000000 0.000000
0.000000 0.000000 0.000000
0.000000 0.000000 0.000000
0.000000 0.000000 0.000000
0.000000 0.000000 0.000000
0.000000 0.000000 0.000000
0.000000 0.000000 0.000000
0.000000 0.000000 0.000000
0.000000 0.000000 0.000000
0.000000 0.000000 0.000000
121
1.250000 0.721688 0.000000
2.000000 0.721688 0.000000
2.750000 0.721688 0.000000
3.500000 0.721688 0.000000
4.250000 0.721688 0.000000
5.000000 0.721688 0.000000
5.750000 0.721688 0.000000
6.500000 0.721688 0.000000
7.250000 0.721688 0.000000
8.000000 0.721688 0.000000
8.750000 0.721688 0.000000
1.625000 1.371207 0.000000
2.375000 1.371207 0.000000
3.125000 1.371207 0.000000
3.875000 1.371207 0.000000
4.625000 1.371207 0.000000
5.375000 1.371207 0.000000
6.125000 1.371207 0.000000
6.875000 1.371207 0.000000
7.625000 1.371207 0.000000
8.375000 1.371207 0.000000
0.000000 0.000000 0.000000
2.000000 2.020726 0.000000
2.750000 2.020726 0.000000
3.500000 2.020726 0.000000
4.250000 2.020726 0.000000
5.000000 2.020726 0.000000
5.750000 2.020726 0.000000
6.500000 2.020726 0.000000
7.250000 2.020726 0.000000
8.000000 2.020726 0.000000
0.000000 0.000000 0.000000
0.000000 0.000000 0.000000
2.375000 2.670245 0.000000
3.125000 2.670245 0.000000
3.875000 2.670245 0.000000
4.625000 2.670245 0.000000
5.375000 2.670245 0.000000
6.125000 2.670245 0.000000
6.875000 2.670245 0.000000
7.625000 2.670245 0.000000
0.000000 0.000000 0.000000
0.000000 0.000000 0.000000
0.000000 0.000000 0.000000
2.750000 3.319764 0.000000
3.500000 3.319764 0.000000
4.250000 3.319764 0.000000
5.000000 3.319764 0.000000
5.750000 3.319764 0.000000
6.500000 3.319764 0.000000
7.250000 3.319764 0.000000
0.000000 0.000000 0.000000
0.000000 0.000000 0.000000
0.000000 0.000000 0.000000
0.000000 0.000000 0.000000
3.125000 3.969283 0.000000
3.875000 3.969283 0.000000
4.625000 3.969283 0.000000
5.375000 3.969283 0.000000
6.125000 3.969283 0.000000
6.875000 3.969283 0.000000
0.000000 0.000000 0.000000
0.000000 0.000000 0.000000
0.000000 0.000000 0.000000
0.000000 0.000000 0.000000
0.000000 0.000000 0.000000
3.500000 4.618802 0.000000
4.250000 4.618802 0.000000
5.000000 4.618802 0.000000
5.750000 4.618802 0.000000
6.500000 4.618802 0.000000
0.000000 0.000000 0.000000
0.000000 0.000000 0.000000
0.000000 0.000000 0.000000
0.000000 0.000000 0.000000
0.000000 0.000000 0.000000
0.000000 0.000000 0.000000
3.875000 5.268321 0.000000
4.625000 5.268321 0.000000
5.375000 5.268321 0.000000
6.125000 5.268321 0.000000
0.000000 0.000000 0.000000
0.000000 0.000000 0.000000
0.000000 0.000000 0.000000
0.000000 0.000000 0.000000
0.000000 0.000000 0.000000
0.000000 0.000000 0.000000
0.000000 0.000000 0.000000
4.250000 5.917840 0.000000
5.000000 5.917840 0.000000
5.750000 5.917840 0.000000
0.000000 0.000000 0.000000
0.000000 0.000000 0.000000
0.000000 0.000000 0.000000
0.000000 0.000000 0.000000
0.000000 0.000000 0.000000
0.000000 0.000000 0.000000
0.000000 0.000000 0.000000
0.000000 0.000000 0.000000
4.625000 6.567359 0.000000
5.375000 6.567359 0.000000
0.000000 0.000000 0.000000
0.000000 0.000000 0.000000
0.000000 0.000000 0.000000
0.000000 0.000000 0.000000
0.000000 0.000000 0.000000
0.000000 0.000000 0.000000
0.000000 0.000000 0.000000
0.000000 0.000000 0.000000
0.000000 0.000000 0.000000
5.000000 7.216878 0.000000
0.000000 0.000000 0.000000
0.000000 0.000000 0.000000
0.000000 0.000000 0.000000
0.000000 0.000000 0.000000
0.000000 0.000000 0.000000
0.000000 0.000000 0.000000
0.000000 0.000000 0.000000
0.000000 0.000000 0.000000
0.000000 0.000000 0.000000
0.000000 0.000000 0.000000
121
1.250000 0.721688 0.000000
2.000000 0.721688 0.000000
2.750000 0.721688 0.000000
3.500000 0.721688 0.000000
4.250000 0.721688 0.000000
5.000000 0.721688 0.000000
5.750000 0.721688 0.000000
6.500000 0.721688 0.000000
7.250000 0.721688 0.000000
8.000000 0.721688 0.000000
8.750000 0.721688 0.000000
1.625000 1.371207 0.000000
2.375000 1.371207 0.000000
3.125000 1.371207 0.000000
3.875000 1.371207 0.000000
4.625000 1.371207 0.000000
5.375000 1.371207 0.000000
6.125000 1.371207 0.000000
6.875000 1.371207 0.000000
7.625000 1.371207 0.000000
8.375000 1.371207 0.000000
0.000000 0.000000 0.000000
2.000000 2.020726 0.000000
2.750000 2.020726 0.000000
3.500000 2.020726 0.000000
4.250000 2.020726 0.000000
5.000000 2.020726 0.000000
5.750000 2.020726 0.000000
6.500000 2.020726 0.000000
7.250000 2.020726 0.000000
8.000000 2.020726 0.000000
0.000000 0.000000 0.000000
0.000000 0.000000 0.000000
2.375000 2.670245 0.000000
3.125000 2.670245 0.000000
3.875000 2.670245 0.000000
4.625000 2.670245 0.000000
5.375000 2.670245 0.000000
6.125000 2.670245 0.000000
6.875000 2.670245 0.000000
7.625000 2.670245 0.000000
0.000000 0.000000 0.000000
0.000000 0.000000 0.000000
0.000000 0.000000 0.000000
2.750000 3.319764 0.000000
3.500000 3.319764 0.000000
4.250000 3.319764 0.000000
5.000000 3.319764 0.000000
5.750000 3.319764 0.000000
6.500000 3.319764 0.000000
7.250000 3.319764 0.000000
0.000000 0.000000 0.000000
0.000000 0.000000 0.000000
0.000000 0.000000 0.000000
0.000000 0.000000 0.000000
3.125000 3.969283 0.000000
3.875000 3.969283 0.000000
4.625000 3.969283 0.000000
5.375000 3.969283 0.000000
6.125000 3.969283 0.000000
6.875000 3.969283 0.000000
0.000000 0.000000 0.000000
0.000000 0.000000 0.000000
0.000000 0.000000 0.000000
0.000000 0.000000 0.000000
0.000000 0.000000 0.000000
3.500000 4.618802 0.000000
4.250000 4.618802 0.000000
5.000000 4.618802 0.000000
5.750000 4.618802 0.000000
6.500000 4.618802 0.000000
0.000000 0.000000 0.000000
0.000000 0.000000 0.000000
0.000000 0.000000 0.000000
0.000000 0.000000 0.000000
0.000000 0.000000 0.000000
0.000000 0.000000 0.000000
3.875000 5.268321 0.000000
4.625000 5.268321 0.000000
5.375000 5.268321 0.000000
6.125000 5.268321 0.000000
0.000000 0.000000 0.000000
0.000000 0.000000 0.000000
0.000000 0.000000 0.000000
0.000000 0.000000 0.000000
0.000000 0.000000 0.000000
0.000000 0.000000 0.000000
0.000000 0.000000 0.000000
4.250000 5.917840 0.000000
5.000000 5.917840 0.000000
5.750000 5.917840 0.000000
0.000000 0.000000 0.000000
0.000000 0.000000 0.000000
0.000000 0.000000 0.000000
0.000000 0.000000 0.000000
0.000000 0.000000 0.000000
0.000000 0.000000 0.000000
0.000000 0.000000 0.000000
0.000000 0.000000 0.000000
4.625000 6.567359 0.000000
5.375000 6.567359 0.000000
0.000000 0.000000 0.000000
0.000000 0.000000 0.000000
0.000000 0.000000 0.000000
0.000000 0.000000 0.000000
0.000000 0.000000 0.000000
0.000000 0.000000 0.000000
0.000000 0.000000 0.000000
0.000000 0.000000 0.000000
0.000000 0.000000 0.000000
5.000000 7.216878 0.000000
0.000000 0.000000 0.000000
0.000000 0.000000 0.000000
0.000000 0.000000 0.000000
0.000000 0.000000 0.000000
0.000000 0.000000 0.000000
0.000000 0.000000 0.000000
0.000000 0.000000 0.000000
0.000000 0.000000 0.000000
0.000000 0.000000 0.000000
0.000000 0.000000 0.000000
121
1.250000 0.721688 0.000000
2.000000 0.721688 0.000000
2.750000 0.721688 0.000000
3.500000 0.721688 0.000000
4.250000 0.721688 0.000000
5.000000 0.721688 0.000000
5.750000 0.721688 0.000000
6.500000 0.721688 0.000000
7.250000 0.721688 0.000000
8.000000 0.721688 0.000000
8.750000 0.721688 0.000000
1.625000 1.371207 0.000000
2.375000 1.371207 0.000000
3.125000 1.371207 0.000000
3.875000 1.371207 0.000000
4.625000 1.371207 0.000000
5.375000 1.371207 0.000000
6.125000 1.371207 0.000000
6.875000 1.371207 0.000000
7.625000 1.371207 0.000000
8.375000 1.371207 0.000000
0.000000 0.000000 0.000000
2.000000 2.020726 0.000000
2.750000 2.020726 0.000000
3.500000 2.020726 0.000000
4.250000 2.020726 0.000000
5.000000 2.020726 0.000000
5.750000 2.020726 0.000000
6.500000 2.020726 0.000000
7.250000 2.020726 0.000000
8.000000 2.020726 0.000000
0.000000 0.000000 0.000000
0.000000 0.000000 0.000000
2.375000 2.670245 0.000000
3.125000 2.670245 0.000000
3.875000 2.670245 0.000000
4.625000 2.670245 0.000000
5.375000 2.670245 0.000000
6.125000 2.670245 0.000000
6.875000 2.670245 0.000000
7.625000 2.670245 0.000000
0.000000 0.000000 0.000000
0.000000 0.000000 0.000000
0.000000 0.000000 0.000000
2.750000 3.319764 0.000000
3.500000 3.319764 0.000000
4.250000 3.319764 0.000000
5.000000 3.319764 0.000000
5.750000 3.319764 0.000000
6.500000 3.319764 0.000000
7.250000 3.319764 0.000000
0.000000 0.000000 0.000000
0.000000 0.000000 0.000000
0.000000 0.000000 0.000000
0.000000 0.000000 0.000000
3.125000 3.969283 0.000000
3.875000 3.969283 0.000000
4.625000 3.969283 0.000000
5.375000 3.969283 0.000000
6.125000 3.969283 0.000000
6.875000 3.969283 0.000000
0.000000 0.000000 0.000000
0.000000 0.000000 0.000000
0.000000 0.000000 0.000000
0.000000 0.000000 0.000000
0.000000 0.000000 0.000000
3.500000 4.618802 0.000000
4.250000 4.618802 0.000000
5.000000 4.618802 0.000000
5.750000 4.618802 0.000000
6.500000 4.618802 0.000000
0.000000 0.000000 0.000000
0.000000 0.000000 0.000000
0.000000 0.000000 0.000000
0.000000 0.000000 0.000000
0.000000 0.000000 0.000000
0.000000 0.000000 0.000000
3.875000 5.268321 0.000000
4.625000 5.268321 0.000000
5.375000 5.268321 0.000000
6.125000 5.268321 0.000000
0.000000 0.000000 0.000000
0.000000 0.000000 0.000000
0.000000 0.000000 0.000000
0.000000 0.000000 0.000000
0.000000 0.000000 0.000000
0.000000 0.000000 0.000000
0.000000 0.000000 0.000000
4.250000 5.917840 0.000000
5.000000 5.917840 0.000000
5.750000 5.917840 0.000000
0.000000 0.000000 0.000000
0.000000 0.000000 0.000000
0.000000 0.000000 0.000000
0.000000 0.000000 0.000000
0.000000 0.000000 0.000000
0.000000 0.000000 0.000000
0.000000 0.000000 0.000000
0.000000 0.000000 0.000000
4.625000 6.567359 0.000000
5.375000 6.567359 0.000000
0.000000 0.000000 0.000000
0.000000 0.000000 0.000000
0.000000 0.000000 0.000000
0.000000 0.000000 0.000000
0.000000 0.000000 0.000000
0.000000 0.000000 0.000000
0.000000 0.000000 0.000000
0.000000 0.000000 0.000000
0.000000 0.000000 0.000000
5.000000 7.216878 0.000000
0.000000 0.000000 0.000000
0.000000 0.000000 0.000000
0.000000 0.000000 0.000000
0.000000 0.000000 0.000000
0.000000 0.000000 0.000000
0.000000 0.000000 0.000000
0.000000 0.000000 0.000000
0.000000 0.000000 0.000000
0.000000 0.000000 0.000000
0.000000 0.000000 0.000000
121
1.250000 0.721688 0.000000
2.000000 0.721688 0.000000
2.750000 0.721688 0.000000
3.500000 0.721688 0.000000
4.250000 0.721688 0.000000
5.000000 0.721688 0.000000
5.750000 0.721688 0.000000
6.500000 0.721688 0.000000
7.250000 0.721688 0.000000
8.000000 0.721688 0.000000
8.750000 0.721688 0.000000
1.625000 1.371207 0.000000
2.375000 1.371207 0.000000
3.125000 1.371207 0.000000
3.875000 1.371207 0.000000
4.625000 1.371207 0.000000
5.375000 1.371207 0.000000
6.125000 1.371207 0.000000
6.875000 1.371207 0.000000
7.625000 1.371207 0.000000
8.375000 1.371207 0.000000
0.000000 0.000000 0.000000
2.000000 2.020726 0.000000
2.750000 2.020726 0.000000
3.500000 2.020726 0.000000
4.250000 2.020726 0.000000
5.000000 2.020726 0.000000
5.750000 2.020726 0.000000
6.500000 2.020726 0.000000
7.250000 2.020726 0.000000
8.000000 2.020726 0.000000
0.000000 0.000000 0.000000
0.000000 0.000000 0.000000
2.375000 2.670245 0.000000
3.125000 2.670245 0.000000
3.875000 2.670245 0.000000
4.625000 2.670245 0.000000
5.375000 2.670245 0.000000
6.125000 2.670245 0.000000
6.875000 2.670245 0.000000
7.625000 2.670245 0.000000
0.000000 0.000000 0.000000
0.000000 0.000000 0.000000
0.000000 0.000000 0.000000
2.750000 3.319764 0.000000
3.500000 3.319764 0.000000
4.250000 3.319764 0.000000
5.000000 3.319764 0.000000
5.750000 3.319764 0.000000
6.500000 3.319764 0.000000
7.250000 3.319764 0.000000
0.000000 0.000000 0.000000
0.000000 0.000000 0.000000
0.000000 0.000000 0.000000
0.000000 0.000000 0.000000
3.125000 3.969283 0.000000
3.875000 3.969283 0.000000
4.625000 3.969283 0.000000
5.375000 3.969283 0.000000
6.125000 3.969283 0.000000
6.875000 3.969283 0.000000
0.000000 0.000000 0.000000
0.000000 0.000000 0.000000
0.000000 0.000000 0.000000
0.000000 0.000000 0.000000
0.000000 0.000000 0.000000
3.500000 4.618802 0.000000
4.250000 4.618802 0.000000
5.000000 4.618802 0.000000
5.750000 4.618802 0.000000
6.500000 4.618802 0.000000
0.000000 0.000000 0.000000
0.000000 0.000000 0.000000
0.000000 0.000000 0.000000
0.000000 0.000000 0.000000
0.000000 0.000000 0.000000
0.000000 0.000000 0.000000
3.875000 5.268321 0.000000
4.625000 5.268321 0.000000
5.375000 5.268321 0.000000
6.125000 5.268321 0.000000
0.000000 0.000000 0.000000
0.000000 0.000000 0.000000
0.000000 0.000000 0.000000
0.000000 0.000000 0.000000
0.000000 0.000000 0.000000
0.000000 0.000000 0.000000
0.000000 0.000000 0.000000
4.250000 5.917840 0.000000
5.000000 5.917840 0.000000
5.750000 5.917840 0.000000
0.000000 0.000000 0.000000
0.000000 0.000000 0.000000
0.000000 0.000000 0.000000
0.000000 0.000000 0.000000
0.000000 0.000000 0.000000
0.000000 0.000000 0.000000
0.000000 0.000000 0.000000
0.000000 0.000000 0.000000
4.625000 6.567359 0.000000
5.375000 6.567359 0.000000
0.000000 0.000000 0.000000
0.000000 0.000000 0.000000
0.000000 0.000000 0.000000
0.000000 0.000000 0.000000
0.000000 0.000000 0.000000
0.000000 0.000000 0.000000
0.000000 0.000000 0.000000
0.000000 0.000000 0.000000
0.000000 0.000000 0.000000
5.000000 7.216878 0.000000
0.000000 0.000000 0.000000
0.000000 0.000000 0.000000
0.000000 0.000000 0.000000
0.000000 0.000000 0.000000
0.000000 0.000000 0.000000
0.000000 0.000000 0.000000
0.000000 0.000000 0.000000
0.000000 0.000000 0.000000
0.000000 0.000000 0.000000
0.000000 0.000000 0.000000
121
1.250000 0.721688 0.000000
2.000000 0.721688 0.000000
2.750000 0.721688 0.000000
3.500000 0.721688 0.000000
4.250000 0.721688 0.000000
5.000000 0.721688 0.000000
5.750000 0.721688 0.000000
6.500000 0.721688 0.000000
7.250000 0.721688 0.000000
8.000000 0.721688 0.000000
8.750000 0.721688 0.000000
1.625000 1.371207 0.000000
2.375000 1.371207 0.000000
3.125000 1.371207 0.000000
3.875000 1.371207 0.000000
4.625000 1.371207 0.000000
5.375000 1.371207 0.000000
6.125000 1.371207 0.000000
6.875000 1.371207 0.000000
7.625000 1.371207 0.000000
8.375000 1.371207 0.000000
0.000000 0.000000 0.000000
2.000000 2.020726 0.000000
2.750000 2.020726 0.000000
3.500000 2.020726 0.000000
4.250000 2.020726 0.000000
5.000000 2.020726 0.000000
5.750000 2.020726 0.000000
6.500000 2.020726 0.000000
7.250000 2.020726 0.000000
8.000000 2.020726 0.000000
0.000000 0.000000 0.000000
0.000000 0.000000 0.000000
2.375000 2.670245 0.000000
3.125000 2.670245 0.000000
3.875000 2.670245 0.000000
4.625000 2.670245 0.000000
5.375000 2.670245 0.000000
6.125000 2.670245 0.000000
6.875000 2.670245 0.000000
7.625000 2.670245 0.000000
0.000000 0.000000 0.000000
0.000000 0.000000 0.000000
0.000000 0.000000 0.000000
2.750000 3.319764 0.000000
3.500000 3.319764 0.000000
4.250000 3.319764 0.000000
5.000000 3.319764 0.000000
5.750000 3.319764 0.000000
6.500000 3.319764 0.000000
7.250000 3.319764 0.000000
0.000000 0.000000 0.000000
0.000000 0.000000 0.000000
0.000000 0.000000 0.000000
0.000000 0.000000 0.000000
3.125000 3.969283 0.000000
3.875000 3.969283 0.000000
4.625000 3.969283 0.000000
5.375000 3.969283 0.000000
6.125000 3.969283 0.000000
6.875000 3.969283 0.000000
0.000000 0.000000 0.000000
0.000000 0.000000 0.000000
0.000000 0.000000 0.000000
0.000000 0.000000 0.000000
0.000000 0.000000 0.000000
3.500000 4.618802 0.000000
4.250000 4.618802 0.000000
5.000000 4.618802 0.000000
5.750000 4.618802 0.000000
6.500000 4.618802 0.000000
0.000000 0.000000 0.000000
0.000000 0.000000 0.000000
0.000000 0.000000 0.000000
0.000000 0.000000 0.000000
0.000000 0.000000 0.000000
0.000000 0.000000 0.000000
3.875000 5.268321 0.000000
4.625000 5.268321 0.000000
5.375000 5.268321 0.000000
6.125000 5.268321 0.000000
0.000000 0.000000 0.000000
0.000000 0.000000 0.000000
0.000000 0.000000 0.000000
0.000000 0.000000 0.000000
0.000000 0.000000 0.000000
0.000000 0.000000 0.000000
0.000000 0.000000 0.000000
4.250000 5.917840 0.000000
5.000000 5.917840 0.000000
5.750000 5.917840 0.000000
0.000000 0.000000 0.000000
0.000000 0.000000 0.000000
0.000000 0.000000 0.000000
0.000000 0.000000 0.000000
0.000000 0.000000 0.000000
0.000000 0.000000 0.000000
0.000000 0.000000 0.000000
0.000000 0.000000 0.000000
4.625000 6.567359 0.000000
5.375000 6.567359 0.000000
0.000000 0.000000 0.000000
0.000000 0.000000 0.000000
0.000000 0.000000 0.000000
0.000000 0.000000 0.000000
0.000000 0.000000 0.000000
0.000000 0.000000 0.000000
0.000000 0.000000 0.000000
0.000000 0.000000 0.000000
0.000000 0.000000 0.000000
5.000000 7.216878 0.000000
0.000000 0.000000 0.000000
0.000000 0.000000 0.000000
0.000000 0.000000 0.000000
0.000000 0.000000 0.000000
0.000000 0.000000 0.000000
0.000000 0.000000 0.000000
0.000000 0.000000 0.000000
0.000000 0.000000 0.000000
0.000000 0.000000 0.000000
0.000000 0.000000 0.000000
121
1.250000 0.721688 0.000000
2.000000 0.721688 0.000000
2.750000 0.721688 0.000000
3.500000 0.721688 0.000000
4.250000 0.721688 0.000000
5.000000 0.721688 0.000000
5.750000 0.721688 0.000000
6.500000 0.721688 0.000000
7.250000 0.721688 0.000000
8.000000 0.721688 0.000000
8.750000 0.721688 0.000000
1.625000 1.371207 0.000000
2.375000 1.371207 0.000000
3.125000 1.371207 0.000000
3.875000 1.371207 0.000000
4.625000 1.371207 0.000000
5.375000 1.371207 0.000000
6.125000 1.371207 0.000000
6.875000 1.371207 0.000000
7.625000 1.371207 0.000000
8.375000 1.371207 0.000000
0.000000 0.000000 0.000000
2.000000 2.020726 0.000000
2.750000 2.020726 0.000000
3.500000 2.020726 0.000000
4.250000 2.020726 0.000000
5.000000 2.020726 0.000000
5.750000 2.020726 0.000000
6.500000 2.020726 0.000000
7.250000 2.020726 0.000000
8.000000 2.020726 0.000000
0.000000 0.000000 0.000000
0.000000 0.000000 0.000000
2.375000 2.670245 0.000000
3.125000 2.670245 0.000000
3.875000 2.670245 0.000000
4.625000 2.670245 0.000000
5.375000 2.670245 0.000000
6.125000 2.670245 0.000000
6.875000 2.670245 0.000000
7.625000 2.670245 0.000000
0.000000 0.000000 0.000000
0.000000 0.000000 0.000000
0.000000 0.000000 0.000000
2.750000 3.319764 0.000000
3.500000 3.319764 0.000000
4.250000 3.319764 0.000000
5.000000 3.319764 0.000000
5.750000 3.319764 0.000000
6.500000 3.319764 0.000000
7.250000 3.319764 0.000000
0.000000 0.000000 0.000000
0.000000 0.000000 0.000000
0.000000 0.000000 0.000000
0.000000 0.000000 0.000000
3.125000 3.969283 0.000000
3.875000 3.969283 0.000000
4.625000 3.969283 0.000000
5.375000 3.969283 0.000000
6.125000 3.969283 0.000000
6.875000 3.969283 0.000000
0.000000 0.000000 0.000000
0.000000 0.000000 0.000000
0.000000 0.000000 0.000000
0.000000 0.000000 0.000000
0.000000 0.000000 0.000000
3.500000 4.618802 0.000000
4.250000 4.618802 0.000000
5.000000 4.618802 0.000000
5.750000 4.618802 0.000000
6.500000 4.618802 0.000000
0.000000 0.000000 0.000000
0.000000 0.000000 0.000000
0.000000 0.000000 0.000000
0.000000 0.000000 0.000000
0.000000 0.000000 0.000000
0.000000 0.000000 0.000000
3.875000 5.268321 0.000000
4.625000 5.268321 0.000000
5.375000 5.268321 0.000000
6.125000 5.268321 0.000000
0.000000 0.000000 0.000000
0.000000 0.000000 0.000000
0.000000 0.000000 0.000000
0.000000 0.000000 0.000000
0.000000 0.000000 0.000000
0.000000 0.000000 0.000000
0.000000 0.000000 0.000000
4.250000 5.917840 0.000000
5.000000 5.917840 0.000000
5.750000 5.917840 0.000000
0.000000 0.000000 0.000000
0.000000 0.000000 0.000000
0.000000 0.000000 0.000000
0.000000 0.000000 0.000000
0.000000 0.000000 0.000000
0.000000 0.000000 0.000000
0.000000 0.000000 0.000000
0.000000 0.000000 0.000000
4.625000 6.567359 0.000000
5.375000 6.567359 0.000000
0.000000 0.000000 0.000000
0.000000 0.000000 0.000000
0.000000 0.000000 0.000000
0.000000 0.000000 0.000000
0.000000 0.000000 0.000000
0.000000 0.000000 0.000000
0.000000 0.000000 0.000000
0.000000 0.000000 0.000000
0.000000 0.000000 0.000000
5.000000 7.216878 0.000000
0.000000 0.000000 0.000000
0.000000 0.000000 0.000000
0.000000 0.000000 0.000000
0.000000 0.000000 0.000000
0.000000 0.000000 0.000000
0.000000 0.000000 0.000000
0.000000 0.000000 0.000000
0.000000 0.000000 0.000000
0.000000 0.000000 0.000000
0.000000 0.000000 0.000000
121
1.250000 0.721688 0.000000
2.000000 0.721688 0.000000
2.750000 0.721688 0.000000
3.500000 0.721688 0.000000
4.250000 0.721688 0.000000
5.000000 0.721688 0.000000
5.750000 0.721688 0.000000
6.500000 0.721688 0.000000
7.250000 0.721688 0.000000
8.000000 0.721688 0.000000
8.750000 0.721688 0.000000
1.625000 1.371207 0.000000
2.375000 1.371207 0.000000
3.125000 1.371207 0.000000
3.875000 1.371207 0.000000
4.625000 1.371207 0.000000
5.375000 1.371207 0.000000
6.125000 1.371207 0.000000
6.875000 1.371207 0.000000
7.625000 1.371207 0.000000
8.375000 1.371207 0.000000
0.000000 0.000000 0.000000
2.000000 2.020726 0.000000
2.750000 2.020726 0.000000
3.500000 2.020726 0.000000
4.250000 2.020726 0.000000
5.000000 2.020726 0.000000
5.750000 2.020726 0.000000
6.500000 2.020726 0.000000
7.250000 2.020726 0.000000
8.000000 2.020726 0.000000
0.000000 0.000000 0.000000
0.000000 0.000000 0.000000
2.375000 2.670245 0.000000
3.125000 2.670245 0.000000
3.875000 2.670245 0.000000
4.625000 2.670245 0.000000
5.375000 2.670245 0.000000
6.125000 2.670245 0.000000
6.875000 2.670245 0.000000
7.625000 2.670245 0.000000
0.000000 0.000000 0.000000
0.000000 0.000000 0.000000
0.000000 0.000000 0.000000
2.750000 3.319764 0.000000
3.500000 3.319764 0.000000
4.250000 3.319764 0.000000
5.000000 3.319764 0.000000
5.750000 3.319764 0.000000
6.500000 3.319764 0.000000
7.250000 3.319764 0.000000
0.000000 0.000000 0.000000
0.000000 0.000000 0.000000
0.000000 0.000000 0.000000
0.000000 0.000000 0.000000
3.125000 3.969283 0.000000
3.875000 3.969283 0.000000
4.625000 3.969283 0.000000
5.375000 3.969283 0.000000
6.125000 3.969283 0.000000
6.875000 3.969283 0.000000
0.000000 0.000000 0.000000
0.000000 0.000000 0.000000
0.000000 0.000000 0.000000
0.000000 0.000000 0.000000
0.000000 0.000000 0.000000
3.500000 4.618802 0.000000
4.250000 4.618802 0.000000
5.000000 4.618802 0.000000
5.750000 4.618802 0.000000
6.500000 4.618802 0.000000
0.000000 0.000000 0.000000
0.000000 0.000000 0.000000
0.000000 0.000000 0.000000
0.000000 0.000000 0.000000
0.000000 0.000000 0.000000
0.000000 0.000000 0.000000
3.875000 5.268321 0.000000
4.625000 5.268321 0.000000
5.375000 5.268321 0.000000
6.125000 5.268321 0.000000
0.000000 0.000000 0.000000
0.000000 0.000000 0.000000
0.000000 0.000000 0.000000
0.000000 0.000000 0.000000
0.000000 0.000000 0.000000
0.000000 0.000000 0.000000
0.000000 0.000000 0.000000
4.250000 5.917840 0.000000
5.000000 5.917840 0.000000
5.750000 5.917840 0.000000
0.000000 0.000000 0.000000
0.000000 0.000000 0.000000
0.000000 0.000000 0.000000
0.000000 0.000000 0.000000
0.000000 0.000000 0.000000
0.000000 0.000000 0.000000
0.000000 0.000000 0.000000
0.000000 0.000000 0.000000
4.625000 6.567359 0.000000
5.375000 6.567359 0.000000
0.000000 0.000000 0.000000
0.000000 0.000000 0.000000
0.000000 0.000000 0.000000
0.000000 0.000000 0.000000
0.000000 0.000000 0.000000
0.000000 0.000000 0.000000
0.000000 0.000000 0.000000
0.000000 0.000000 0.000000
0.000000 0.000000 0.000000
5.000000 7.216878 0.000000
0.000000 0.000000 0.000000
0.000000 0.000000 0.000000
0.000000 0.000000 0.000000
0.000000 0.000000 0.000000
0.000000 0.000000 0.000000
0.000000 0.000000 0.000000
0.000000 0.000000 0.000000
0.000000 0.000000 0.000000
0.000000 0.000000 0.000000
0.000000 0.000000 0.000000
121
1.250000 0.721688 0.000000
2.000000 0.721688 0.000000
2.750000 0.721688 0.000000
3.500000 0.721688 0.000000
4.250000 0.721688 0.000000
5.000000 0.721688 0.000000
5.750000 0.721688 0.000000
6.500000 0.721688 0.000000
7.250000 0.721688 0.000000
8.000000 0.721688 0.000000
8.750000 0.721688 0.000000
1.625000 1.371207 0.000000
2.375000 1.371207 0.000000
3.125000 1.371207 0.000000
3.875000 1.371207 0.000000
4.625000 1.371207 0.000000
5.375000 1.371207 0.000000
6.125000 1.371207 0.000000
6.875000 1.371207 0.000000
7.625000 1.371207 0.000000
8.375000 1.371207 0.000000
0.000000 0.000000 0.000000
2.000000 2.020726 0.000000
2.750000 2.020726 0.000000
3.500000 2.020726 0.000000
4.250000 2.020726 0.000000
5.000000 2.020726 0.000000
5.750000 2.020726 0.000000
6.500000 2.020726 0.000000
7.250000 2.020726 0.000000
8.000000 2.020726 0.000000
0.000000 0.000000 0.000000
0.000000 0.000000 0.000000
2.375000 2.670245 0.000000
3.125000 2.670245 0.000000
3.875000 2.670245 0.000000
4.625000 2.670245 0.000000
5.375000 2.670245 0.000000
6.125000 2.670245 0.000000
6.875000 2.670245 0.000000
7.625000 2.670245 0.000000
0.000000 0.000000 0.000000
0.000000 0.000000 0.000000
0.000000 0.000000 0.000000
2.750000 3.319764 0.000000
3.500000 3.319764 0.000000
4.250000 3.319764 0.000000
5.000000 3.319764 0.000000
5.750000 3.319764 0.000000
6.500000 3.319764 0.000000
7.250000 3.319764 0.000000
0.000000 0.000000 0.000000
0.000000 0.000000 0.000000
0.000000 0.000000 0.000000
0.000000 0.000000 0.000000
3.125000 3.969283 0.000000
3.875000 3.969283 0.000000
4.625000 3.969283 0.000000
5.375000 3.969283 0.000000
6.125000 3.969283 0.000000
6.875000 3.969283 0.000000
0.000000 0.000000 0.000000
0.000000 0.000000 0.000000
0.000000 0.000000 0.000000
0.000000 0.000000 0.000000
0.000000 0.000000 0.000000
3.500000 4.618802 0.000000
4.250000 4.618802 0.000000
5.000000 4.618802 0.000000
5.750000 4.618802 0.000000
6.500000 4.618802 0.000000
0.000000 0.000000 0.000000
0.000000 0.000000 0.000000
0.000000 0.000000 0.000000
0.000000 0.000000 0.000000
0.000000 0.000000 0.000000
0.000000 0.000000 0.000000
3.875000 5.268321 0.000000
4.625000 5.268321 0.000000
5.375000 5.268321 0.000000
6.125000 5.268321 0.000000
0.000000 0.000000 0.000000
0.000000 0.000000 0.000000
0.000000 0.000000 0.000000
0.000000 0.000000 0.000000
0.000000 0.000000 0.000000
0.000000 0.000000 0.000000
0.000000 0.000000 0.000000
4.250000 5.917840 0.000000
5.000000 5.917840 0.000000
5.750000 5.917840 0.000000
0.000000 0.000000 0.000000
0.000000 0.000000 0.000000
0.000000 0.000000 0.000000
0.000000 0.000000 0.000000
0.000000 0.000000 0.000000
0.000000 0.000000 0.000000
0.000000 0.000000 0.000000
0.000000 0.000000 0.000000
4.625000 6.567359 0.000000
5.375000 6.567359 0.000000
0.000000 0.000000 0.000000
0.000000 0.000000 0.000000
0.000000 0.000000 0.000000
0.000000 0.000000 0.000000
0.000000 0.000000 0.000000
0.000000 0.000000 0.000000
0.000000 0.000000 0.000000
0.000000 0.000000 0.000000
0.000000 0.000000 0.000000
5.000000 7.216878 0.000000
0.000000 0.000000 0.000000
0.000000 0.000000 0.000000
0.000000 0.000000 0.000000
0.000000 0.000000 0.000000
0.000000 0.000000 0.000000
0.000000 0.000000 0.000000
0.000000 0.000000 0.000000
0.000000 0.000000 0.000000
0.000000 0.000000 0.000000
0.000000 0.000000 0.000000
121
1.250000 0.721688 0.000000
2.000000 0.721688 0.000000
2.750000 0.721688 0.000000
3.500000 0.721688 0.000000
4.250000 0.721688 0.000000
5.000000 0.721688 0.000000
5.750000 0.721688 0.000000
6.500000 0.721688 0.000000
7.250000 0.721688 0.000000
8.000000 0.721688 0.000000
8.750000 0.721688 0.000000
1.625000 1.371207 0.000000
2.375000 1.371207 0.000000
3.125000 1.371207 0.000000
3.875000 1.371207 0.000000
4.625000 1.371207 0.000000
5.375000 1.371207 0.000000
6.125000 1.371207 0.000000
6.875000 1.371207 0.000000
7.625000 1.371207 0.000000
8.375000 1.371207 0.000000
0.000000 0.000000 0.000000
2.000000 2.020726 0.000000
2.750000 2.020726 0.000000
3.500000 2.020726 0.000000
4.250000 2.020726 0.000000
5.000000 2.020726 0.000000
5.750000 2.020726 0.000000
6.500000 2.020726 0.000000
7.250000 2.020726 0.000000
8.000000 2.020726 0.000000
0.000000 0.000000 0.000000
0.000000 0.000000 0.000000
2.375000 2.670245 0.000000
3.125000 2.670245 0.000000
3.875000 2.670245 0.000000
4.625000 2.670245 0.000000
5.375000 2.670245 0.000000
6.125000 2.670245 0.000000
6.875000 2.670245 0.000000
7.625000 2.670245 0.000000
0.000000 0.000000 0.000000
0.000000 0.000000 0.000000
0.000000 0.000000 0.000000
2.750000 3.319764 0.000000
3.500000 3.319764 0.000000
4.250000 3.319764 0.000000
5.000000 3.319764 0.000000
5.750000 3.319764 0.000000
6.500000 3.319764 0.000000
7.250000 3.319764 0.000000
0.000000 0.000000 0.000000
0.000000 0.000000 0.000000
0.000000 0.000000 0.000000
0.000000 0.000000 0.000000
3.125000 3.969283 0.000000
3.875000 3.969283 0.000000
4.625000 3.969283 0.000000
5.375000 3.969283 0.000000
6.125000 3.969283 0.000000
6.875000 3.969283 0.000000
0.000000 0.000000 0.000000
0.000000 0.000000 0.000000
0.000000 0.000000 0.000000
0.000000 0.000000 0.000000
0.000000 0.000000 0.000000
3.500000 4.618802 0.000000
4.250000 4.618802 0.000000
5.000000 4.618802 0.000000
5.750000 4.618802 0.000000
6.500000 4.618802 0.000000
0.000000 0.000000 0.000000
0.000000 0.000000 0.000000
0.000000 0.000000 0.000000
0.000000 0.000000 0.000000
0.000000 0.000000 0.000000
0.000000 0.000000 0.000000
3.875000 5.268321 0.000000
4.625000 5.268321 0.000000
5.375000 5.268321 0.000000
6.125000 5.268321 0.000000
0.000000 0.000000 0.000000
0.000000 0.000000 0.000000
0.000000 0.000000 0.000000
0.000000 0.000000 0.000000
0.000000 0.000000 0.000000
0.000000 0.000000 0.000000
0.000000 0.000000 0.000000
4.250000 5.917840 0.000000
5.000000 5.917840 0.000000
5.750000 5.917840 0.000000
0.000000 0.000000 0.000000
0.000000 0.000000 0.000000
0.000000 0.000000 0.000000
0.000000 0.000000 0.000000
0.000000 0.000000 0.000000
0.000000 0.000000 0.000000
0.000000 0.000000 0.000000
0.000000 0.000000 0.000000
4.625000 6.567359 0.000000
5.375000 6.567359 0.000000
0.000000 0.000000 0.000000
0.000000 0.000000 0.000000
0.000000 0.000000 0.000000
0.000000 0.000000 0.000000
0.000000 0.000000 0.000000
0.000000 0.000000 0.000000
0.000000 0.000000 0.000000
0.000000 0.000000 0.000000
0.000000 0.000000 0.000000
5.000000 7.216878 0.000000
0.000000 0.000000 0.000000
0.000000 0.000000 0.000000
0.000000 0.000000 0.000000
0.000000 0.000000 0.000000
0.000000 0.000000 0.000000
0.000000 0.000000 0.000000
0.000000 0.000000 0.000000
0.000000 0.000000 0.000000
0.000000 0.000000 0.000000
0.000000 0.000000 0.000000
121
1.250000 0.721688 0.000000
2.000000 0.721688 0.000000
2.750000 0.721688 0.000000
3.500000 0.721688 0.000000
4.250000 0.721688 0.000000
5.000000 0.721688 0.000000
5.750000 0.721688 0.000000
6.500000 0.721688 0.000000
7.250000 0.721688 0.000000
8.000000 0.721688 0.000000
8.750000 0.721688 0.000000
1.625000 1.371207 0.000000
2.375000 1.371207 0.000000
3.125000 1.371207 0.000000
3.875000 1.371207 0.000000
4.625000 1.371207 0.000000
5.375000 1.371207 0.000000
6.125000 1.371207 0.000000
6.875000 1.371207 0.000000
7.625000 1.371207 0.000000
8.375000 1.371207 0.000000
0.000000 0.000000 0.000000
2.000000 2.020726 0.000000
2.750000 2.020726 0.000000
3.500000 2.020726 0.000000
4.250000 2.020726 0.000000
5.000000 2.020726 0.000000
5.750000 2.020726 0.000000
6.500000 2.020726 0.000000
7.250000 2.020726 0.000000
8.000000 2.020726 0.000000
0.000000 0.000000 0.000000
0.000000 0.000000 0.000000
2.375000 2.670245 0.000000
3.125000 2.670245 0.000000
3.875000 2.670245 0.000000
4.625000 2.670245 0.000000
5.375000 2.670245 0.000000
6.125000 2.670245 0.000000
6.875000 2.670245 0.000000
7.625000 2.670245 0.000000
0.000000 0.000000 0.000000
0.000000 0.000000 0.000000
0.000000 0.000000 0.000000
2.750000 3.319764 0.000000
3.500000 3.319764 0.000000
4.250000 3.319764 0.000000
5.000000 3.319764 0.000000
5.750000 3.319764 0.000000
6.500000 3.319764 0.000000
7.250000 3.319764 0.000000
0.000000 0.000000 0.000000
0.000000 0.000000 0.000000
0.000000 0.000000 0.000000
0.000000 0.000000 0.000000
3.125000 3.969283 0.000000
3.875000 3.969283 0.000000
4.625000 3.969283 0.000000
5.375000 3.969283 0.000000
6.125000 3.969283 0.000000
6.875000 3.969283 0.000000
0.000000 0.000000 0.000000
0.000000 0.000000 0.000000
0.000000 0.000000 0.000000
0.000000 0.000000 0.000000
0.000000 0.000000 0.000000
3.500000 4.618802 0.000000
4.250000 4.618802 0.000000
5.000000 4.618802 0.000000
5.750000 4.618802 0.000000
6.500000 4.618802 0.000000
0.000000 0.000000 0.000000
0.000000 0.000000 0.000000
0.000000 0.000000 0.000000
0.000000 0.000000 0.000000
0.000000 0.000000 0.000000
0.000000 0.000000 0.000000
3.875000 5.268321 0.000000
4.625000 5.268321 0.000000
5.375000 5.268321 0.000000
6.125000 5.268321 0.000000
0.000000 0.000000 0.000000
0.000000 0.000000 0.000000
0.000000 0.000000 0.000000
0.000000 0.000000 0.000000
0.000000 0.000000 0.000000
0.000000 0.000000 0.000000
0.000000 0.000000 0.000000
4.250000 5.917840 0.000000
5.000000 5.917840 0.000000
5.750000 5.917840 0.000000
0.000000 0.000000 0.000000
0.000000 0.000000 0.000000
0.000000 0.000000 0.000000
0.000000 0.000000 0.000000
0.000000 0.000000 0.000000
0.000000 0.000000 0.000000
0.000000 0.000000 0.000000
0.000000 0.000000 0.000000
4.625000 6.567359 0.000000
5.375000 6.567359 0.000000
0.000000 0.000000 0.000000
0.000000 0.000000 0.000000
0.000000 0.000000 0.000000
0.000000 0.000000 0.000000
0.000000 0.000000 0.000000
0.000000 0.000000 0.000000
0.000000 0.000000 0.000000
0.000000 0.000000 0.000000
0.000000 0.000000 0.000000
5.000000 7.216878 0.000000
0.000000 0.000000 0.000000
0.000000 0.000000 0.000000
0.000000 0.000000 0.000000
0.000000 0.000000 0.000000
0.000000 0.000000 0.000000
0.000000 0.000000 0.000000
0.000000 0.000000 0.000000
0.000000 0.000000 0.000000
0.000000 0.000000 0.000000
0.000000 0.000000 0.000000
121
1.250000 0.721688 0.000000
2.000000 0.721688 0.000000
2.750000 0.721688 0.000000
3.500000 0.721688 0.000000
4.250000 0.721688 0.000000
5.000000 0.721688 0.000000
5.750000 0.721688 0.000000
6.500000 0.721688 0.000000
7.250000 0.721688 0.000000
8.000000 0.721688 0.000000
8.750000 0.721688 0.000000
1.625000 1.371207 0.000000
2.375000 1.371207 0.000000
3.125000 1.371207 0.000000
3.875000 1.371207 0.000000
4.625000 1.371207 0.000000
5.375000 1.371207 0.000000
6.125000 1.371207 0.000000
6.875000 1.371207 0.000000
7.625000 1.371207 0.000000
8.375000 1.371207 0.000000
0.000000 0.000000 0.000000
2.000000 2.020726 0.000000
2.750000 2.020726 0.000000
3.500000 2.020726 0.000000
4.250000 2.020726 0.000000
5.000000 2.020726 0.000000
5.750000 2.020726 0.000000
6.500000 2.020726 0.000000
7.250000 2.020726 0.000000
8.000000 2.020726 0.000000
0.000000 0.000000 0.000000
0.000000 0.000000 0.000000
2.375000 2.670245 0.000000
3.125000 2.670245 0.000000
3.875000 2.670245 0.000000
4.625000 2.670245 0.000000
5.375000 2.670245 0.000000
6.125000 2.670245 0.000000
6.875000 2.670245 0.000000
7.625000 2.670245 0.000000
0.000000 0.000000 0.000000
0.000000 0.000000 0.000000
0.000000 0.000000 0.000000
2.750000 3.319764 0.000000
3.500000 3.319764 0.000000
4.250000 3.319764 0.000000
5.000000 3.319764 0.000000
5.750000 3.319764 0.000000
6.500000 3.319764 0.000000
7.250000 3.319764 0.000000
0.000000 0.000000 0.000000
0.000000 0.000000 0.000000
0.000000 0.000000 0.000000
0.000000 0.000000 0.000000
3.125000 3.969283 0.000000
3.875000 3.969283 0.000000
4.625000 3.969283 0.000000
5.375000 3.969283 0.000000
6.125000 3.969283 0.000000
6.875000 3.969283 0.000000
0.000000 0.000000 0.000000
0.000000 0.000000 0.000000
0.000000 0.000000 0.000000
0.000000 0.000000 0.000000
0.000000 0.000000 0.000000
3.500000 4.618802 0.000000
4.250000 4.618802 0.000000
5.000000 4.618802 0.000000
5.750000 4.618802 0.000000
6.500000 4.618802 0.000000
0.000000 0.000000 0.000000
0.000000 0.000000 0.000000
0.000000 0.000000 0.000000
0.000000 0.000000 0.000000
0.000000 0.000000 0.000000
0.000000 0.000000 0.000000
3.875000 5.268321 0.000000
4.625000 5.268321 0.000000
5.375000 5.268321 0.000000
6.125000 5.268321 0.000000
0.000000 0.000000 0.000000
0.000000 0.000000 0.000000
0.000000 0.000000 0.000000
0.000000 0.000000 0.000000
0.000000 0.000000 0.000000
0.000000 0.000000 0.000000
0.000000 0.000000 0.000000
4.250000 5.917840 0.000000
5.000000 5.917840 0.000000
5.750000 5.917840 0.000000
0.000000 0.000000 0.000000
0.000000 0.000000 0.000000
0.000000 0.000000 0.000000
0.000000 0.000000 0.000000
0.000000 0.000000 0.000000
0.000000 0.000000 0.000000
0.000000 0.000000 0.000000
0.000000 0.000000 0.000000
4.625000 6.567359 0.000000
5.375000 6.567359 0.000000
0.000000 0.000000 0.000000
0.000000 0.000000 0.000000
0.000000 0.000000 0.000000
0.000000 0.000000 0.000000
0.000000 0.000000 0.000000
0.000000 0.000000 0.000000
0.000000 0.000000 0.000000
0.000000 0.000000 0.000000
0.000000 0.000000 0.000000
5.000000 7.216878 0.000000
0.000000 0.000000 0.000000
0.000000 0.000000 0.000000
0.000000 0.000000 0.000000
0.000000 0.000000 0.000000
0.000000 0.000000 0.000000
0.000000 0.000000 0.000000
0.000000 0.000000 0.000000
0.000000 0.000000 0.000000
0.000000 0.000000 0.000000
0.000000 0.000000 0.000000
121
1.250000 0.721688 0.000000
2.000000 0.721688 0.000000
2.750000 0.721688 0.000000
3.500000 0.721688 0.000000
4.250000 0.721688 0.000000
5.000000 0.721688 0.000000
5.750000 0.721688 0.000000
6.500000 0.721688 0.000000
7.250000 0.721688 0.000000
8.000000 0.721688 0.000000
8.750000 0.721688 0.000000
1.625000 1.371207 0.000000
2.375000 1.371207 0.000000
3.125000 1.371207 0.000000
3.875000 1.371207 0.000000
4.625000 1.371207 0.000000
5.375000 1.371207 0.000000
6.125000 1.371207 0.000000
6.875000 1.371207 0.000000
7.625000 1.371207 0.000000
8.375000 1.371207 0.000000
0.000000 0.000000 0.000000
2.000000 2.020726 0.000000
2.750000 2.020726 0.000000
3.500000 2.020726 0.000000
4.250000 2.020726 0.000000
5.000000 2.020726 0.000000
5.750000 2.020726 0.000000
6.500000 2.020726 0.000000
7.250000 2.020726 0.000000
8.000000 2.020726 0.000000
0.000000 0.000000 0.000000
0.000000 0.000000 0.000000
2.375000 2.670245 0.000000
3.125000 2.670245 0.000000
3.875000 2.670245 0.000000
4.625000 2.670245 0.000000
5.375000 2.670245 0.000000
6.125000 2.670245 0.000000
6.875000 2.670245 0.000000
7.625000 2.670245 0.000000
0.000000 0.000000 0.000000
0.000000 0.000000 0.000000
0.000000 0.000000 0.000000
2.750000 3.319764 0.000000
3.500000 3.319764 0.000000
4.250000 3.319764 0.000000
5.000000 3.319764 0.000000
5.750000 3.319764 0.000000
6.500000 3.319764 0.000000
7.250000 3.319764 0.000000
0.000000 0.000000 0.000000
0.000000 0.000000 0.000000
0.000000 0.000000 0.000000
0.000000 0.000000 0.000000
3.125000 3.969283 0.000000
3.875000 3.969283 0.000000
4.625000 3.969283 0.000000
5.375000 3.969283 0.000000
6.125000 3.969283 0.000000
6.875000 3.969283 0.000000
0.000000 0.000000 0.000000
0.000000 0.000000 0.000000
0.000000 0.000000 0.000000
0.000000 0.000000 0.000000
0.000000 0.000000 0.000000
3.500000 4.618802 0.000000
4.250000 4.618802 0.000000
5.000000 4.618802 0.000000
5.750000 4.618802 0.000000
6.500000 4.618802 0.000000
0.000000 0.000000 0.000000
0.000000 0.000000 0.000000
0.000000 0.000000 0.000000
0.000000 0.000000 0.000000
0.000000 0.000000 0.000000
0.000000 0.000000 0.000000
3.875000 5.268321 0.000000
4.625000 5.268321 0.000000
5.375000 5.268321 0.000000
6.125000 5.268321 0.000000
0.000000 0.000000 0.000000
0.000000 0.000000 0.000000
0.000000 0.000000 0.000000
0.000000 0.000000 0.000000
0.000000 0.000000 0.000000
0.000000 0.000000 0.000000
0.000000 0.000000 0.000000
4.250000 5.917840 0.000000
5.000000 5.917840 0.000000
5.750000 5.917840 0.000000
0.000000 0.000000 0.000000
0.000000 0.000000 0.000000
0.000000 0.000000 0.000000
0.000000 0.000000 0.000000
0.000000 0.000000 0.000000
0.000000 0.000000 0.000000
0.000000 0.000000 0.000000
0.000000 0.000000 0.000000
4.625000 6.567359 0.000000
5.375000 6.567359 0.000000
0.000000 0.000000 0.000000
0.000000 0.000000 0.000000
0.000000 0.000000 0.000000
0.000000 0.000000 0.000000
0.000000 0.000000 0.000000
0.000000 0.000000 0.000000
0.000000 0.000000 0.000000
0.000000 0.000000 0.000000
0.000000 0.000000 0.000000
5.000000 7.216878 0.000000
0.000000 0.000000 0.000000
0.000000 0.000000 0.000000
0.000000 0.000000 0.000000
0.000000 0.000000 0.000000
0.000000 0.000000 0.000000
0.000000 0.000000 0.000000
0.000000 0.000000 0.000000
0.000000 0.000000 0.000000
0.000000 0.000000 0.000000
0.000000 0.000000 0.000000
